100663297
100663413
100663434
100663446
100663451
100663453
100663455
100663457
100663465
100663470
100663481
100663503
100663495
100663496
100663498
100663517
100663506
100663509
100663510
100663521
100663525
100663524
100663535
100663539
100663552
100663546
100663551
100663568
100663560
100663566
100663569
100663576
100663578
100663583
100663595
100663597
100663606
100663599
100663611
100663613
100663631
100663616
100663637
100663638
100663642
100663647
100663655
100663652
100663657
100663664
100663680
100663687
100663698
100663705
100663711
100663712
100663714
100663725
100663730
100663746
100663750
100663766
100663767
100663783
100663787
100663793
100663825
100663841
100663845
100663846
100663847
100663853
100663852
100663854
100663855
100663877
100663864
100663883
100663888
100663893
100663897
100663898
100663903
100663901
100663904
100663919
100663924
100663925
100663926
100663927
100663928
100663929
100663935
100663936
100663940
100663941
100663942
100663946
100663947
100663950
100663951
100663963
100663968
100663973
100663979
100663983
100663987
100663984
100663988
100663996
100663993
100663994
100663999
100664007
100664011
100664012
100664014
100664016
100664024
100664019
100664025
100664026
100664027
100664029
100664030
100664031
100664039
100664036
100664037
100664040
100664051
100664053
100664057
100664059
100664062
100664071
100664072
100664074
100664081
100664086
100664084
100664090
100664092
100664096
100664095
100664097
100664110
100664117
100664121
100664123
100664127
100664130
100664135
100664142
100664143
100664146
100664149
100664161
100664155
100664158
100664160
100664162
100664167
100664168
100664172
100664173
100664174
100664178
100664181
100664185
100664188
100664193
100664194
100664197
100664195
100664199
100664200
100664208
100664205
100664214
100664216
100664221
100664223
100664224
100664225
100664232
100664236
100664237
100664250
100664253
100664256
100664257
100664260
100664259
100664266
100664271
100664262
100664267
100664278
100664282
100664283
100664292
100664290
100664296
100664305
100664313
100664316
100664320
100664323
100664324
100664331
100664333
100664346
100664368
100664358
100664359
100664369
100664371
100664370
100664378
100664379
100664387
100664388
100664390
100664391
100664392
100664396
100664399
100664398
100664404
100664406
100664408
100664411
100664418
100664412
100664417
100664419
100664420
100664421
100664422
100664424
100664426
100664427
100664433
100664435
100664437
100664439
100664445
100664449
100664455
100664453
100664456
100664460
100664461
100664462
100664470
100664469
100664477
100664478
100664482
100664481
100664484
100664483
100664486
100664488
100664493
100664490
100664497
100664499
100664501
100664502
100664504
100664506
100664508
100664507
100664510
100664511
100664513
100664532
100664526
100664530
100664534
100664536
100664537
100664539
100664545
100664546
100664551
100664547
100664554
100664559
100664557
100664560
100664562
100664564
100664566
100664571
100664573
100664578
100664579
100664582
100664586
100664587
100664588
100664589
100664596
100664599
100664601
100664600
100664605
100664603
100664604
100664606
100664610
100664616
100664618
100664619
100664620
100664622
100664625
100664627
100664628
100664630
100664632
100664643
100664644
100664647
100664649
100664651
100664653
100664656
100664655
100664667
100664659
100664661
100664662
100664663
100664664
100664670
100664671
100664673
100664674
100664678
100664682
100664690
100664695
100664691
100664696
100664703
100664702
100664705
100664708
100664709
100664710
100664715
100664719
100664724
100664725
100664726
100664730
100664731
100664728
100664732
100664734
100664736
100664740
100664746
100664747
100664748
100664750
100664751
100664757
100664753
100664755
100664759
100664765
100664766
100664767
100664770
100664771
100664774
100664777
100664780
100664782
100664784
100664786
100664789
100664791
100664788
100664794
100664798
100664799
100664802
100664803
100664805
100664806
100664808
100664810
100664809
100664811
100664815
100664817
100664819
100664820
100664821
100664822
100664823
100664827
100664825
100664826
100664828
100664835
100664829
100664830
100664831
100664837
100664839
100664843
100664846
100664850
100664851
100664853
100664854
100664855
100664860
100664857
100664861
100664862
100664864
100664865
100664866
100664867
100664869
100664872
100664873
100664874
100664875
100664876
100664878
100664879
100664881
100664885
100664880
100664887
100664886
100664888
100664890
100664892
100664893
100664894
100664895
100664897
100664898
100664899
100664900
100664902
100664903
100664905
100664908
100664910
100664914
100664917
100664918
100664919
100664924
100664923
100664928
100664929
100664931
100664934
100664937
100664938
100664939
100664944
100664940
100664941
100664946
100664952
100664953
100664955
100664956
100664957
100664959
100664962
100664963
100664966
100664968
100664974
100664973
100664977
100664975
100664979
100664980
100664982
100664984
100664986
100664989
100664988
100664991
100664992
100664993
100664994
100664996
100664997
100664998
100665000
100665001
100665006
100665007
100665008
100665010
100665011
100665012
100665014
100665019
100665022
100665027
100665025
100665031
100665033
100665036
100665037
100665040
100665039
100665044
100665045
100665048
100665049
100665053
100665055
100665054
100665058
100665061
100665062
100665068
100665063
100665074
100665071
100665075
100665082
100665084
100665085
100665092
100665094
100665091
100665095
100665099
100665101
100665100
100665103
100665104
100665108
100665109
100665113
100665118
100665119
100665123
100665125
100665127
100665129
100665130
100665134
100665135
100665138
100665141
100665142
100665144
100665145
100665148
100665149
100665151
100665152
100665155
100665154
100665156
100665157
100665158
100665159
100665165
100665163
100665168
100665169
100665171
100665172
100665176
100665178
100665182
100665179
100665193
100665191
100665196
100665200
100665202
100665204
100665205
100665211
100665207
100665209
100665212
100665215
100665213
100665214
100665217
100665219
100665221
100665223
100665226
100665228
100665227
100665229
100665231
100665234
100665232
100665235
100665242
100665243
100665246
100665245
100665247
100665258
100665259
100665260
100665263
100665264
100665265
100665267
100665269
100665271
100665274
100665275
100665277
100665278
100665279
100665283
100665284
100665288
100665294
100665295
100665296
100665297
100665298
100665302
100665303
100665304
100665305
100665309
100665314
100665315
100665319
100665320
100665321
100665395
100665396
100665418
100665404
100665421
100665424
100665428
100665425
100665429
100665432
100665433
100665436
100665435
100665440
100665437
100665439
100665441
100665445
100665443
100665449
100665448
100665450
100665451
100665452
100665471
100665472
100665476
100665480
100665481
100665483
100665485
100665486
100665490
100665491
100665494
100665492
100665493
100665495
100665497
100665496
100665500
100665503
100665501
100665549
100665553
100665586
100665588
100665590
100665591
100665592
100665596
100665597
100665601
100665611
100665612
100665614
100665613
100665615
100665616
100665617
100665618
100665623
100665622
100665626
100665624
100665637
100665631
100665628
100665634
100665636
100665638
100665640
100665645
100665644
100665648
100665649
100665650
100665651
100665652
100665654
100665659
100665658
100665661
100665660
100665668
100665667
100665666
100665670
100665672
100665676
100665678
100665684
100665687
100665690
100665688
100665691
100665692
100665696
100665694
100665697
100665698
100665700
100665699
100665707
100665708
100665709
100665711
100665712
100665713
100665715
100665716
100665719
100665720
100665721
100665725
100665723
100665726
100665728
100665729
100665732
100665734
100665735
100665736
100665737
100665738
100665739
100665743
100665744
100665745
100665749
100665748
100665750
100665751
100665752
100665753
100665754
100665756
100665758
100665755
100665759
100665760
100665761
100665762
100665763
100665765
100665770
100665771
100665772
100665773
100665774
100665776
100665777
100665778
100665779
100665780
100665784
100665785
100665783
100665786
100665787
100665788
100665791
100665792
100665793
100665794
100665798
100665799
100665802
100665805
100665808
100665810
100665811
100665812
100665814
100665816
100665817
100665819
100665820
100665822
100665821
100665824
100665830
100665832
100665834
100665835
100665836
100665838
100665840
100665841
100665845
100665846
100665848
100665847
100665850
100665852
100665854
100665856
100665857
100665859
100665861
100665865
100665868
100665871
100665874
100665875
100665876
100665877
100665881
100665882
100665883
100665889
100665884
100665885
100665886
100665890
100665891
100665892
100665893
100665896
100665897
100665901
100665904
100665906
100665908
100665910
100665912
100665915
100665916
100665919
100665918
100665920
100665921
100665922
100665923
100665924
100665925
100665926
100665931
100665934
100665935
100665937
100665939
100665940
100665942
100665944
100665948
100665947
100665950
100665953
100665955
100665959
100665957
100665961
100665962
100665963
100665965
100665966
100665968
100665972
100665975
100665977
100665980
100665981
100665983
100665986
100665991
100665990
100665992
100665994
100665996
100666000
100666001
100666004
100666002
100666005
100666006
100666007
100666008
100666009
100666010
100666013
100666016
100666017
100666018
100666020
100666023
100666024
100666025
100666026
100666029
100666030
100666034
100666036
100666037
100666038
100666041
100666039
100666042
100666044
100666045
100666049
100666050
100666051
100666052
100666053
100666057
100666061
100666062
100666063
100666064
100666069
100666068
100666070
100666072
100666073
100666074
100666076
100666077
100666078
100666079
100666082
100666084
100666085
100666088
100666089
100666090
100666091
100666093
100666094
100666096
100666099
100666100
100666102
100666103
100666105
100666107
100666110
100666113
100666114
100666117
100666119
100666120
100666121
100666125
100666123
100666129
100666130
100666131
100666132
100666133
100666136
100666137
100666138
100666139
100666140
100666141
100666142
100666143
100666144
100666145
100666146
100666147
100666148
100666149
100666150
100666153
100666152
100666154
100666161
100666155
100666156
100666160
100666157
100666158
100666162
100666164
100666166
100666167
100666169
100666171
100666170
100666173
100666177
100666180
100666178
100666179
100666184
100666186
100666191
100666193
100666194
100666198
100666201
100666204
100666202
100666206
100666207
100666209
100666210
100666212
100666213
100666216
100666217
100666218
100666221
100666222
100666223
100666226
100666224
100666227
100666228
100666229
100666233
100666232
100666234
100666235
100666236
100666237
100666238
100666241
100666240
100666239
100666242
100666243
100666244
100666248
100666249
100666252
100666253
100666258
100666261
100666264
100666265
100666269
100666268
100666270
100666271
100666273
100666274
100666276
100666277
100666278
100666279
100666280
100666282
100666283
100666286
100666287
100666289
100666291
100666290
100666292
100666294
100666297
100666298
100666301
100666300
100666303
100666304
100666305
100666307
100666310
100666313
100666314
100666315
100666316
100666319
100666320
100666321
100666322
100666323
100666325
100666324
100666326
100666327
100666332
100666335
100666336
100666337
100666341
100666344
100666345
100666348
100666347
100666353
100666354
100666355
100666358
100666370
100666371
100666373
100666375
100666376
100666377
100666378
100666380
100666381
100666383
100666382
100666384
100666386
100666388
100666394
100666392
100666393
100666396
100666395
100666398
100666399
100666403
100666404
100666406
100666414
100666416
100666418
100666420
100666421
100666422
100666423
100666424
100666426
100666425
100666427
100666428
100666431
100666430
100666432
100666438
100666442
100666439
100666441
100666443
100666457
100666452
100666455
100666458
100666460
100666459
100666462
100666461
100666463
100666464
100666465
100666470
100666473
100666476
100666475
100666481
100666478
100666479
100666483
100666482
100666484
100666488
100666485
100666486
100666489
100666490
100666492
100666493
100666497
100666494
100666495
100666500
100666503
100666505
100666506
100666512
100666513
100666516
100666515
100666517
100666521
100666522
100666525
100666523
100666524
100666527
100666529
100666530
100666531
100666534
100666535
100666536
100666538
100666539
100666545
100666546
100666547
100666548
100666550
100666551
100666552
100666554
100666553
100666555
100666556
100666562
100666560
100666563
100666564
100666565
100666569
100666573
100666567
100666568
100666571
100666572
100666574
100666575
100666576
100666577
100666578
100666580
100666581
100666582
100666583
100666584
100666585
100666588
100666589
100666592
100666595
100666597
100666596
100666599
100666601
100666603
100666604
100666605
100666609
100666613
100666614
100666615
100666617
100666619
100666620
100666623
100666621
100666624
100666625
100666628
100666629
100666632
100666633
100666635
100666636
100666637
100666638
100666639
100666640
100666641
100666645
100666642
100666643
100666646
100666647
100666648
100666649
100666650
100666651
100666652
100666654
100666655
100666656
100666657
100666660
100666659
100666662
100666663
100666664
100666665
100666666
100666668
100666667
100666670
100666671
100666672
100666673
100666674
100666675
100666676
100666677
100666678
100666679
100666680
100666681
100666682
100666683
100666684
100666688
100666687
100666689
100666692
100666693
100666694
100666695
100666696
100666699
100666697
100666698
100666700
100666701
100666703
100666709
100666704
100666714
100666711
100666710
100666713
100666718
100666717
100666716
100666726
100666729
100666728
100666731
100666732
100666733
100666734
100666735
100666736
100666738
100666742
100666743
100666744
100666745
100666746
100666747
100666748
100666750
100666753
100666751
100666756
100666757
100666761
100666766
100666767
100666762
100666768
100666769
100666770
100666774
100666772
100666777
100666779
100666781
100666782
100666783
100666784
100666785
100666786
100666791
100666792
100666793
100666794
100666795
100666796
100666799
100666798
100666803
100666802
100666804
100666808
100666805
100666806
100666809
100666810
100666811
100666813
100666814
100666816
100666817
100666819
100666823
100666825
100666821
100666826
100666827
100666828
100666829
100666830
100666831
100666836
100666833
100666834
100666838
100666843
100666842
100666844
100666850
100666845
100666851
100666853
100666855
100666858
100666859
100666860
100666864
100666862
100666865
100666867
100666868
100666869
100666872
100666873
100666874
100666875
100666877
100666878
100666879
100666881
100666882
100666880
100666884
100666886
100666887
100666888
100666890
100666892
100666900
100666895
100666896
100666899
100666905
100666903
100666904
100666909
100666906
100666912
100666910
100666908
100666915
100666917
100666919
100666922
100666923
100666924
100666925
100666926
100666928
100666930
100666932
100666933
100666935
100666938
100666939
100666942
100666944
100666947
100666949
100666952
100666953
100666954
100666956
100666961
100666957
100666959
100666963
100666964
100666966
100666967
100666968
100666969
100666970
100666973
100666977
100666972
100666981
100666982
100666983
100666985
100666987
100666989
100666992
100666995
100666993
100666994
100666997
100666998
100667000
100667002
100667003
100667004
100667006
100667008
100667009
100667014
100667012
100667015
100667018
100667019
100667021
100667020
100667022
100667023
100667024
100667030
100667031
100667032
100667034
100667036
100667037
100667038
100667041
100667043
100667045
100667046
100667048
100667049
100667051
100667053
100667052
100667055
100667059
100667060
100667061
100667062
100667063
100667064
100667066
100667065
100667067
100667070
100667072
100667075
100667073
100667074
100667076
100667077
100667078
100667081
100667080
100667083
100667084
100667086
100667092
100667089
100667090
100667091
100667095
100667093
100667094
100667096
100667097
100667099
100667101
100667102
100667106
100667107
100667109
100667112
100667113
100667117
100667119
100667122
100667124
100667126
100667127
100667129
100667128
100667131
100667133
100667134
100667135
100667138
100667146
100667145
100667147
100667155
100667152
100667162
100667159
100667160
100667163
100667164
100667165
100667166
100667168
100667170
100667171
100667172
100667173
100667174
100667175
100667176
100667183
100667186
100667187
100667203
100667206
100667207
100667210
100667212
100667219
100667213
100667214
100667221
100667223
100667225
100667224
100667231
100667226
100667228
100667234
100667236
100667237
100667240
100667241
100667242
100667247
100667244
100667245
100667250
100667251
100667255
100667254
100667253
100667258
100667259
100667263
100667261
100667266
100667267
100667271
100667268
100667272
100667273
100667274
100667278
100667279
100667280
100667281
100667282
100667286
100667287
100667291
100667292
100667294
100667295
100667297
100667298
100667299
100667300
100667301
100667302
100667303
100667304
100667305
100667308
100667309
100667307
100667311
100667314
100667318
100667321
100667322
100667323
100667324
100667325
100667326
100667327
100667331
100667333
100667335
100667334
100667336
100667339
100667342
100667340
100667345
100667351
100667353
100667363
100667362
100667357
100667364
100667365
100667370
100667374
100667373
100667381
100667378
100667379
100667384
100667386
100667387
100667388
100667391
100667392
100667395
100667393
100667398
100667404
100667407
100667406
100667408
100667409
100667411
100667410
100667412
100667415
100667418
100667423
100667420
100667428
100667429
100667432
100667435
100667434
100667438
100667439
100667441
100667443
100667444
100667446
100667448
100667450
100667451
100667454
100667453
100667455
100667456
100667459
100667461
100667463
100667465
100667466
100667468
100667470
100667473
100667472
100667475
100667477
100667478
100667484
100667485
100667493
100667497
100667501
100667500
100667502
100667505
100667503
100667504
100667506
100667508
100667511
100667509
100667510
100667512
100667513
100667517
100667518
100667520
100667521
100667523
100667524
100667530
100667525
100667528
100667531
100667532
100667535
100667536
100667538
100667548
100667549
100667551
100667552
100667553
100667556
100667558
100667559
100667560
100667563
100667567
100667562
100667580
100667582
100667583
100667584
100667585
100667586
100667588
100667591
100667592
100667595
100667599
100667596
100667598
100667600
100667604
100667608
100667618
100667620
100667621
100667626
100667627
100667629
100667633
100667635
100667636
100667637
100667647
100667645
100667650
100667654
100667656
100667657
100667658
100667661
100667662
100667659
100667665
100667666
100667667
100667668
100667670
100667671
100667672
100667673
100667674
100667676
100667678
100667679
100667680
100667681
100667684
100667683
100667686
100667685
100667688
100667687
100667689
100667691
100667692
100667693
100667694
100667695
100667698
100667699
100667700
100667702
100667703
100667706
100667704
100667708
100667707
100667710
100667711
100667712
100667713
100667714
100667716
100667715
100667720
100667718
100667721
100667722
100667725
100667726
100667727
100667724
100667728
100667734
100667735
100667736
100667740
100667742
100667745
100667753
100667751
100667754
100667756
100667759
100667763
100667770
100667771
100667774
100667773
100667776
100667781
100667785
100667791
100667793
100667797
100667799
100667804
100667808
100667810
100667812
100667815
100667816
100667818
100667820
100667819
100667823
100667825
100667828
100667829
100667830
100667832
100667836
100667837
100667838
100667840
100667839
100667843
100667844
100667849
100667855
100667860
100667858
100667857
100667864
100667865
100667866
100667869
100667870
100667872
100667873
100667874
100667876
100667880
100667881
100667883
100667884
100667886
100667887
100667888
100667891
100667893
100667892
100667896
100667897
100667901
100667900
100667904
100667905
100667907
100667908
100667913
100667914
100667920
100667923
100667924
100667927
100667930
100667935
100667936
100667937
100667939
100667941
100667942
100667944
100667945
100667949
100667950
100667952
100667953
100667957
100667954
100667961
100667958
100667959
100667964
100667967
100667969
100667970
100667975
100667974
100667976
100667978
100667980
100667981
100667985
100667982
100667983
100667987
100667988
100667984
100667996
100667990
100667997
100668000
100668001
100668003
100668007
100668006
100668008
100668012
100668013
100668016
100668018
100668017
100668019
100668021
100668022
100668023
100668026
100668027
100668030
100668031
100668034
100668035
100668037
100668039
100668044
100668049
100668050
100668051
100668054
100668052
100668055
100668059
100668062
100668065
100668067
100668068
100668074
100668075
100668078
100668080
100668082
100668087
100668089
100668091
100668094
100668097
100668099
100668102
100668104
100668106
100668107
100668110
100668111
100668112
100668114
100668118
100668122
100668123
100668126
100668127
100668128
100668131
100668132
100668133
100668135
100668138
100668142
100668141
100668143
100668145
100668146
100668148
100668150
100668153
100668154
100668155
100668156
100668158
100668160
100668161
100668162
100668163
100668167
100668166
100668169
100668174
100668175
100668177
100668179
100668180
100668182
100668183
100668185
100668188
100668187
100668194
100668191
100668193
100668197
100668195
100668196
100668200
100668201
100668202
100668206
100668204
100668205
100668207
100668208
100668210
100668213
100668220
100668234
100668235
100668236
100668237
100668238
100668249
100668245
100668246
100668250
100668251
100668252
100668253
100668255
100668254
100668257
100668256
100668258
100668264
100668263
100668266
100668267
100668269
100668270
100668274
100668272
100668275
100668276
100668279
100668280
100668281
100668293
100668294
100668301
100668304
100668305
100668308
100668310
100668312
100668311
100668318
100668314
100668319
100668320
100668323
100668327
100668328
100668331
100668334
100668332
100668335
100668337
100668342
100668344
100668348
100668349
100668352
100668357
100668359
100668360
100668361
100668362
100668364
100668363
100668365
100668370
100668379
100668380
100668382
100668383
100668385
100668386
100668388
100668390
100668391
100668399
100668398
100668403
100668404
100668405
100668408
100668409
100668410
100668411
100668413
100668414
100668418
100668419
100668425
100668429
100668428
100668430
100668431
100668433
100668436
100668437
100668438
100668441
100668444
100668445
100668448
100668450
100668454
100668449
100668456
100668457
100668458
100668460
100668461
100668462
100668463
100668464
100668465
100668466
100668467
100668468
100668469
100668470
100668471
100668473
100668474
100668475
100668477
100668478
100668482
100668480
100668481
100668485
100668486
100668489
100668490
100668495
100668494
100668496
100668499
100668502
100668504
100668507
100668508
100668510
100668514
100668517
100668518
100668520
100668519
100668522
100668523
100668525
100668528
100668527
100668529
100668530
100668533
100668537
100668539
100668541
100668542
100668543
100668544
100668545
100668548
100668546
100668551
100668550
100668557
100668556
100668559
100668560
100668561
100668562
100668564
100668565
100668569
100668568
100668573
100668572
100668576
100668578
100668580
100668582
100668584
100668583
100668585
100668590
100668591
100668592
100668593
100668594
100668595
100668596
100668602
100668607
100668604
100668608
100668610
100668611
100668612
100668616
100668617
100668618
100668619
100668622
100668621
100668623
100668624
100668625
100668627
100668634
100668633
100668635
100668636
100668637
100668638
100668643
100668645
100668646
100668647
100668650
100668654
100668655
100668656
100668660
100668658
100668659
100668661
100668662
100668664
100668665
100668667
100668666
100668668
100668670
100668671
100668674
100668677
100668679
100668680
100668690
100668691
100668692
100668694
100668696
100668698
100668700
100668701
100668702
100668705
100668709
100668714
100668715
100668719
100668721
100668720
100668725
100668726
100668728
100668729
100668733
100668734
100668737
100668738
100668739
100668741
100668744
100668745
100668746
100668747
100668749
100668750
100668751
100668755
100668756
100668757
100668760
100668761
100668762
100668765
100668770
100668774
100668776
100668779
100668780
100668782
100668783
100668784
100668785
100668789
100668791
100668794
100668798
100668803
100668804
100668806
100668808
100668809
100668815
100668818
100668821
100668823
100668826
100668831
100668829
100668832
100668834
100668835
100668838
100668841
100668840
100668846
100668848
100668850
100668851
100668852
100668853
100668854
100668856
100668858
100668860
100668863
100668861
100668867
100668869
100668868
100668871
100668873
100668874
100668879
100668880
100668881
100668883
100668885
100668887
100668886
100668888
100668889
100668891
100668892
100668894
100668899
100668896
100668897
100668898
100668901
100668905
100668906
100668909
100668910
100668911
100668914
100668915
100668916
100668917
100668918
100668919
100668923
100668924
100668927
100668930
100668931
100668937
100668934
100668935
100668942
100668938
100668939
100668943
100668945
100668946
100668947
100668950
100668951
100668954
100668959
100668961
100668962
100668963
100668966
100668971
100668975
100668977
100668978
100668980
100668983
100668986
100668991
100668990
100668993
100668994
100668995
100668996
100668997
100668998
100669000
100669001
100669003
100669005
100669006
100669007
100669008
100669012
100669013
100669017
100669018
100669019
100669021
100669025
100669026
100669032
100669035
100669034
100669037
100669039
100669042
100669043
100669044
100669046
100669047
100669052
100669058
100669059
100669060
100669061
100669065
100669067
100669066
100669068
100669069
100669070
100669073
100669076
100669077
100669078
100669079
100669081
100669082
100669084
100669088
100669089
100669091
100669094
100669095
100669098
100669107
100669109
100669110
100669111
100669112
100669114
100669115
100669116
100669118
100669120
100669124
100669127
100669125
100669131
100669128
100669130
100669132
100669134
100669135
100669138
100669139
100669140
100669151
100669152
100669154
100669155
100669156
100669157
100669159
100669163
100669164
100669161
100669162
100669165
100669168
100669172
100669177
100669180
100669178
100669179
100669181
100669183
100669185
100669186
100669187
100669189
100669191
100669193
100669195
100669197
100669194
100669201
100669202
100669205
100669206
100669207
100669208
100669209
100669210
100669211
100669213
100669218
100669217
100669221
100669222
100669223
100669226
100669227
100669230
100669229
100669231
100669233
100669238
100669235
100669239
100669240
100669241
100669242
100669244
100669245
100669246
100669247
100669252
100669253
100669254
100669256
100669258
100669259
100669261
100669263
100669268
100669269
100669271
100669272
100669273
100669274
100669277
100669279
100669283
100669280
100669282
100669284
100669285
100669287
100669289
100669290
100669293
100669296
100669299
100669300
100669305
100669306
100669307
100669309
100669311
100669312
100669313
100669314
100669315
100669321
100669323
100669322
100669324
100669325
100669326
100669327
100669328
100669329
100669330
100669332
100669333
100669334
100669336
100669339
100669340
100669342
100669345
100669348
100669347
100669349
100669353
100669354
100669357
100669359
100669360
100669361
100669363
100669365
100669366
100669370
100669369
100669371
100669372
100669373
100669374
100669375
100669377
100669378
100669380
100669382
100669381
100669385
100669387
100669388
100669389
100669390
100669391
100669392
100669393
100669394
100669395
100669397
100669398
100669399
100669403
100669405
100669407
100669409
100669414
100669413
100669416
100669419
100669417
100669418
100669421
100669424
100669425
100669427
100669428
100669429
100669432
100669430
100669433
100669435
100669437
100669439
100669443
100669445
100669447
100669448
100669454
100669455
100669457
100669461
100669463
100669464
100669465
100669466
100669468
100669469
100669470
100669471
100669474
100669480
100669481
100669482
100669483
100669485
100669486
100669487
100669488
100669489
100669490
100669491
100669494
100669496
100669497
100669498
100669499
100669503
100669504
100669505
100669506
100669507
100669509
100669510
100669511
100669514
100669515
100669516
100669517
100669522
100669523
100669527
100669529
100669530
100669532
100669534
100669536
100669537
100669539
100669541
100669542
100669543
100669544
100669545
100669548
100669553
100669557
100669556
100669555
100669560
100669562
100669563
100669564
100669566
100669567
100669568
100669572
100669574
100669575
100669576
100669578
100669579
100669580
100669581
100669582
100669584
100669586
100669588
100669591
100669593
100669594
100669597
100669596
100669599
100669600
100669601
100669603
100669606
100669605
100669608
100669611
100669612
100669613
100669614
100669615
100669618
100669622
100669626
100669623
100669628
100669632
100669629
100669630
100669631
100669634
100669636
100669644
100669645
100669646
100669649
100669655
100669659
100669657
100669658
100669662
100669663
100669666
100669668
100669669
100669671
100669670
100669674
100669675
100669677
100669678
100669680
100669681
100669682
100669683
100669684
100669685
100669686
100669687
100669690
100669693
100669696
100669697
100669698
100669699
100669702
100669701
100669703
100669704
100669705
100669706
100669707
100669708
100669710
100669712
100669714
100669716
100669717
100669721
100669724
100669722
100669723
100669725
100669727
100669729
100669730
100669731
100669737
100669735
100669738
100669739
100669740
100669741
100669744
100669747
100669748
100669750
100669752
100669751
100669753
100669759
100669758
100669755
100669760
100669765
100669761
100669762
100669767
100669768
100669769
100669773
100669775
100669774
100669776
100669777
100669778
100669779
100669781
100669780
100669785
100669786
100669788
100669790
100669793
100669796
100669798
100669801
100669802
100669800
100669803
100669804
100669805
100669806
100669809
100669808
100669810
100669811
100669815
100669816
100669819
100669820
100669821
100669822
100669824
100669823
100669825
100669827
100669829
100669830
100669831
100669832
100669833
100669834
100669835
100669837
100669836
100669838
100669840
100669842
100669843
100669848
100669849
100669859
100669856
100669858
100669860
100669863
100669864
100669866
100669865
100669867
100669868
100669869
100669871
100669872
100669876
100669875
100669878
100669880
100669879
100669881
100669882
100669884
100669885
100669891
100669892
100669894
100669895
100669896
100669903
100669904
100669905
100669907
100669908
100669912
100669911
100669913
100669916
100669919
100669920
100669924
100669925
100669927
100669928
100669929
100669931
100669932
100669933
100669934
100669936
100669935
100669939
100669940
100669942
100669943
100669944
100669945
100669946
100669948
100669949
100669950
100669952
100669951
100669953
100669954
100669957
100669958
100669959
100669962
100669961
100669963
100669964
100669965
100669966
100669967
100669968
100669969
100669970
100669971
100669973
100669977
100669976
100669978
100669979
100669980
100669981
100669985
100669982
100669984
100669989
100669992
100669993
100669994
100669995
100669996
100669997
100669999
100670004
100670005
100670010
100670011
100670013
100670012
100670014
100670016
100670017
100670019
100670021
100670022
100670023
100670026
100670031
100670029
100670030
100670032
100670033
100670037
100670039
100670040
100670043
100670042
100670044
100670045
100670047
100670049
100670053
100670054
100670055
100670057
100670058
100670059
100670061
100670062
100670064
100670066
100670067
100670069
100670070
100670072
100670073
100670074
100670075
100670076
100670077
100670078
100670080
100670083
100670086
100670085
100670087
100670089
100670091
100670093
100670092
100670094
100670097
100670098
100670101
100670102
100670105
100670106
100670109
100670111
100670112
100670116
100670114
100670113
100670118
100670120
100670121
100670124
100670123
100670128
100670129
100670130
100670131
100670136
100670140
100670142
100670146
100670147
100670149
100670148
100670150
100670151
100670157
100670159
100670160
100670163
100670167
100670168
100670171
100670169
100670172
100670174
100670179
100670175
100670177
100670182
100670184
100670187
100670188
100670189
100670190
100670191
100670193
100670194
100670195
100670196
100670198
100670199
100670202
100670203
100670204
100670205
100670207
100670208
100670209
100670211
100670213
100670217
100670218
100670221
100670220
100670224
100670225
100670226
100670228
100670229
100670233
100670234
100670235
100670238
100670240
100670242
100670243
100670246
100670245
100670250
100670254
100670256
100670257
100670258
100670261
100670264
100670269
100670265
100670270
100670271
100670273
100670275
100670278
100670279
100670280
100670283
100670284
100670287
100670288
100670289
100670290
100670291
100670292
100670298
100670294
100670296
100670297
100670299
100670301
100670303
100670302
100670304
100670307
100670309
100670312
100670310
100670313
100670314
100670315
100670316
100670317
100670319
100670322
100670320
100670321
100670324
100670327
100670326
100670329
100670331
100670332
100670337
100670338
100670341
100670342
100670345
100670347
100670352
100670353
100670354
100670357
100670360
100670365
100670364
100670374
100670379
100670378
100670382
100670394
100670395
100670398
100670399
100670402
100670403
100670404
100670407
100670408
100670411
100670413
100670415
100670416
100670419
100670417
100670421
100670422
100670424
100670426
100670429
100670428
100670431
100670433
100670435
100670440
100670437
100670439
100670445
100670442
100670446
100670447
100670448
100670451
100670450
100670452
100670453
100670454
100670458
100670459
100670456
100670462
100670465
100670472
100670474
100670473
100670476
100670477
100670478
100670479
100670482
100670483
100670486
100670487
100670488
100670490
100670491
100670494
100670495
100670498
100670496
100670501
100670505
100670502
100670504
100670506
100670509
100670508
100670511
100670512
100670515
100670517
100670518
100670521
100670524
100670527
100670530
100670534
100670533
100670535
100670537
100670538
100670539
100670542
100670543
100670545
100670548
100670549
100670553
100670550
100670551
100670552
100670554
100670556
100670558
100670560
100670562
100670565
100670567
100670569
100670570
100670572
100670573
100670574
100670575
100670578
100670579
100670581
100670582
100670584
100670588
100670586
100670590
100670591
100670593
100670595
100670596
100670598
100670601
100670606
100670607
100670609
100670610
100670611
100670612
100670615
100670614
100670616
100670619
100670621
100670622
100670623
100670624
100670628
100670627
100670629
100670631
100670630
100670634
100670635
100670636
100670639
100670638
100670640
100670641
100670643
100670645
100670647
100670651
100670652
100670655
100670654
100670657
100670658
100670659
100670661
100670662
100670666
100670663
100670664
100670665
100670668
100670669
100670670
100670671
100670672
100670673
100670677
100670675
100670679
100670680
100670681
100670682
100670683
100670685
100670690
100670691
100670693
100670702
100670706
100670707
100670708
100670709
100670710
100670712
100670716
100670717
100670720
100670721
100670722
100670724
100670725
100670726
100670728
100670730
100670729
100670731
100670732
100670736
100670737
100670738
100670739
100670740
100670746
100670747
100670748
100670749
100670750
100670752
100670753
100670756
100670761
100670759
100670762
100670766
100670770
100670771
100670772
100670776
100670780
100670777
100670784
100670786
100670788
100670789
100670790
100670796
100670798
100670799
100670801
100670806
100670807
100670809
100670811
100670812
100670813
100670815
100670818
100670819
100670820
100670821
100670823
100670822
100670827
100670824
100670828
100670831
100670835
100670836
100670838
100670839
100670845
100670843
100670844
100670846
100670848
100670849
100670854
100670855
100670860
100670861
100670864
100670872
100670873
100670874
100670878
100670879
100670880
100670881
100670882
100670884
100670885
100670888
100670891
100670890
100670893
100670898
100670900
100670901
100670902
100670905
100670907
100670910
100670911
100670914
100670913
100670919
100670921
100670923
100670922
100670925
100670926
100670927
100670929
100670928
100670930
100670932
100670933
100670936
100670938
100670940
100670941
100670944
100670945
100670946
100670949
100670951
100670952
100670953
100670954
100670959
100670956
100670960
100670963
100670964
100670967
100670969
100670970
100670975
100670976
100670979
100670981
100670982
100670984
100670986
100670987
100670989
100670991
100670994
100670995
100670996
100671000
100671002
100671004
100671003
100671005
100671009
100671008
100671011
100671013
100671014
100671015
100671020
100671016
100671021
100671022
100671026
100671027
100671028
100671030
100671031
100671033
100671040
100671042
100671045
100671046
100671053
100671055
100671061
100671062
100671063
100671068
100671072
100671073
100671075
100671074
100671081
100671084
100671086
100671088
100671092
100671094
100671098
100671097
100671096
100671101
100671099
100671102
100671106
100671105
100671107
100671110
100671112
100671113
100671118
100671119
100671121
100671122
100671125
100671128
100671130
100671133
100671131
100671138
100671141
100671143
100671148
100671149
100671151
100671153
100671154
100671155
100671163
100671165
100671166
100671169
100671170
100671171
100671173
100671178
100671184
100671182
100671181
100671185
100671186
100671189
100671196
100671195
100671199
100671201
100671202
100671204
100671216
100671217
100671221
100671220
100671223
100671224
100671225
100671226
100671227
100671228
100671232
100671234
100671236
100671238
100671237
100671239
100671241
100671242
100671243
100671244
100671247
100671250
100671251
100671256
100671257
100671258
100671259
100671261
100671262
100671263
100671266
100671268
100671270
100671275
100671276
100671281
100671282
100671283
100671291
100671292
100671293
100671294
100671298
100671300
100671310
100671313
100671316
100671324
100671326
100671327
100671330
100671334
100671337
100671341
100671342
100671344
100671345
100671346
100671347
100671348
100671349
100671351
100671352
100671353
100671354
100671355
100671359
100671360
100671361
100671364
100671363
100671368
100671366
100671370
100671372
100671373
100671375
100671376
100671379
100671381
100671390
100671392
100671393
100671394
100671397
100671398
100671399
100671400
100671404
100671403
100671405
100671407
100671410
100671409
100671411
100671415
100671416
100671421
100671419
100671422
100671426
100671427
100671432
100671433
100671434
100671435
100671438
100671439
100671440
100671441
100671442
100671443
100671446
100671449
100671451
100671452
100671453
100671454
100671457
100671459
100671460
100671462
100671465
100671464
100671466
100671468
100671469
100671471
100671473
100671475
100671476
100671477
100671482
100671481
100671484
100671485
100671489
100671492
100671494
100671497
100671500
100671503
100671504
100671505
100671506
100671508
100671509
100671511
100671510
100671512
100671513
100671516
100671517
100671518
100671523
100671524
100671527
100671530
100671532
100671533
100671534
100671536
100671538
100671539
100671541
100671542
100671544
100671545
100671549
100671546
100671548
100671553
100671554
100671557
100671558
100671559
100671560
100671568
100671565
100671566
100671569
100671576
100671578
100671579
100671580
100671582
100671585
100671593
100671595
100671597
100671598
100671602
100671607
100671608
100671610
100671611
100671614
100671616
100671617
100671619
100671620
100671622
100671627
100671631
100671633
100671634
100671635
100671636
100671637
100671639
100671640
100671641
100671643
100671642
100671644
100671651
100671655
100671653
100671659
100671658
100671663
100671666
100671665
100671668
100671669
100671673
100671674
100671678
100671679
100671682
100671685
100671687
100671693
100671696
100671695
100671698
100671699
100671700
100671701
100671702
100671704
100671706
100671709
100671711
100671714
100671712
100671715
100671717
100671719
100671722
100671721
100671725
100671726
100671728
100671731
100671732
100671735
100671738
100671739
100671740
100671741
100671742
100671743
100671746
100671748
100671749
100671756
100671759
100671758
100671760
100671766
100671770
100671769
100671771
100671772
100671773
100671774
100671775
100671777
100671778
100671780
100671782
100671783
100671784
100671785
100671789
100671793
100671794
100671796
100671800
100671802
100671804
100671806
100671811
100671812
100671815
100671816
100671819
100671820
100671822
100671828
100671831
100671830
100671837
100671840
100671841
100671842
100671844
100671845
100671848
100671851
100671853
100671854
100671858
100671860
100671863
100671862
100671864
100671866
100671868
100671869
100671870
100671874
100671872
100671873
100671877
100671881
100671883
100671886
100671887
100671888
100671889
100671890
100671892
100671895
100671896
100671898
100671899
100671901
100671902
100671904
100671907
100671913
100671912
100671914
100671915
100671916
100671918
100671917
100671919
100671920
100671921
100671922
100671926
100671927
100671929
100671933
100671934
100671936
100671940
100671941
100671942
100671943
100671945
100671946
100671947
100671954
100671953
100671958
100671957
100671959
100671960
100671961
100671964
100671966
100671968
100671970
100671975
100671974
100671976
100671977
100671978
100671979
100671981
100671983
100671986
100671989
100671990
100671991
100671992
100672000
100672002
100672006
100672007
100672008
100672009
100672010
100672011
100672013
100672014
100672018
100672019
100672025
100672027
100672034
100672032
100672033
100672036
100672038
100672039
100672042
100672044
100672043
100672046
100672048
100672047
100672055
100672056
100672058
100672059
100672060
100672067
100672064
100672072
100672076
100672078
100672080
100672081
100672082
100672083
100672086
100672088
100672089
100672090
100672091
100672097
100672103
100672100
100672105
100672106
100672107
100672108
100672109
100672111
100672114
100672113
100672115
100672116
100672117
100672120
100672121
100672123
100672124
100672127
100672125
100672128
100672131
100672135
100672136
100672138
100672145
100672146
100672149
100672152
100672154
100672156
100672160
100672167
100672169
100672170
100672171
100672172
100672173
100672180
100672186
100672187
100672189
100672190
100672192
100672194
100672202
100672201
100672204
100672205
100672207
100672208
100672210
100672211
100672218
100672213
100672215
100672217
100672219
100672223
100672227
100672232
100672234
100672236
100672239
100672240
100672241
100672244
100672247
100672246
100672248
100672250
100672251
100672255
100672257
100672259
100672262
100672263
100672269
100672273
100672272
100672276
100672277
100672282
100672284
100672287
100672316
100672322
100672324
100672327
100672328
100672331
100672334
100672335
100672340
100672338
100672341
100672345
100672347
100672349
100672350
100672352
100672354
100672355
100672356
100672358
100672359
100672364
100672362
100672363
100672370
100672374
100672378
100672379
100672382
100672384
100672385
100672388
100672390
100672391
100672412
100672411
100672416
100672422
100672421
100672423
100672425
100672433
100672435
100672442
100672444
100672454
100672465
100672466
100672467
100672469
100672470
100672472
100672476
100672477
100672481
100672487
100672492
100672502
100672504
100672509
100672513
100672516
100672517
100672519
100672520
100672523
100672524
100672530
100672535
100672539
100672540
100672541
100672544
100672545
100672549
100672553
100672554
100672559
100672555
100672561
100672563
100672564
100672565
100672566
100672569
100672570
100672572
100672575
100672576
100672579
100672584
100672582
100672586
100672585
100672587
100672591
100672596
100672597
100672599
100672602
100672603
100672604
100672605
100672606
100672607
100672610
100672611
100672612
100672616
100672617
100672620
100672621
100672626
100672630
100672631
100672632
100672634
100672638
100672645
100672653
100672650
100672655
100672656
100672657
100672658
100672659
100672665
100672673
100672674
100672676
100672679
100672684
100672688
100672690
100672692
100672694
100672696
100672699
100672707
100672709
100672711
100672712
100672716
100672719
100672720
100672723
100672724
100672727
100672729
100672730
100672732
100672735
100672736
100672737
100672741
100672744
100672742
100672745
100672749
100672751
100672754
100672755
100672759
100672761
100672763
100672764
100672767
100672768
100672773
100672776
100672778
100672780
100672784
100672785
100672786
100672787
100672792
100672793
100672795
100672796
100672801
100672799
100672803
100672805
100672806
100672807
100672809
100672812
100672815
100672817
100672821
100672823
100672822
100672827
100672824
100672825
100672829
100672828
100672833
100672832
100672835
100672838
100672837
100672844
100672842
100672846
100672848
100672850
100672852
100672858
100672862
100672866
100672867
100672869
100672874
100672872
100672873
100672876
100672881
100672885
100672889
100672890
100672895
100672897
100672898
100672899
100672900
100672903
100672905
100672907
100672910
100672913
100672917
100672918
100672920
100672921
100672922
100672925
100672923
100672926
100672928
100672933
100672934
100672935
100672939
100672943
100672944
100672945
100672946
100672947
100672952
100672954
100672955
100672956
100672962
100672963
100672964
100672965
100672968
100672969
100672970
100672973
100672983
100672985
100672988
100672989
100672990
100672999
100673001
100673006
100673005
100673007
100673012
100673014
100673022
100673023
100673026
100673027
100673028
100673030
100673033
100673037
100673040
100673041
100673042
100673043
100673044
100673045
100673048
100673046
100673049
100673051
100673056
100673057
100673058
100673059
100673062
100673071
100673074
100673077
100673078
100673081
100673082
100673083
100673085
100673084
100673094
100673095
100673097
100673099
100673104
100673106
100673112
100673114
100673118
100673119
100673129
100673130
100673131
100673132
100673134
100673146
100673148
100673147
100673149
100673156
100673165
100673166
100673172
100673176
100673178
100673177
100673184
100673183
100673186
100673188
100673191
100673192
100673194
100673195
100673197
100673200
100673201
100673202
100673203
100673206
100673208
100673211
100673214
100673213
100673215
100673216
100673217
100673219
100673221
100673224
100673226
100673230
100673232
100673234
100673235
100673240
100673238
100673239
100673241
100673245
100673250
100673251
100673252
100673259
100673257
100673262
100673265
100673269
100673271
100673274
100673277
100673278
100673281
100673290
100673291
100673295
100673297
100673300
100673304
100673305
100673306
100673311
100673316
100673317
100673318
100673321
100673322
100673323
100673326
100673325
100673329
100673331
100673338
100673342
100673343
100673344
100673347
100673345
100673351
100673352
100673355
100673357
100673358
100673360
100673362
100673365
100673366
100673367
100673372
100673377
100673379
100673380
100673382
100673385
100673386
100673388
100673390
100673391
100673394
100673395
100673399
100673402
100673408
100673409
100673410
100673411
100673413
100673415
100673414
100673423
100673426
100673425
100673427
100673428
100673429
100673431
100673433
100673434
100673439
100673437
100673440
100673441
100673443
100673445
100673446
100673447
100673450
100673451
100673455
100673466
100673467
100673474
100673479
100673480
100673481
100673485
100673488
100673491
100673490
100673492
100673493
100673495
100673498
100673503
100673505
100673506
100673507
100673509
100673510
100673511
100673513
100673514
100673525
100673528
100673526
100673529
100673530
100673531
100673534
100673539
100673553
100673555
100673559
100673560
100673566
100673570
100673569
100673571
100673574
100673577
100673579
100673582
100673591
100673597
100673601
100673604
100673602
100673605
100673606
100673607
100673608
100673611
100673612
100673615
100673616
100673618
100673621
100673623
100673626
100673627
100673635
100673636
100673638
100673639
100673644
100673645
100673646
100673648
100673647
100673650
100673651
100673652
100673655
100673656
100673657
100673659
100673658
100673662
100673664
100673666
100673667
100673669
100673671
100673672
100673674
100673677
100673679
100673680
100673685
100673683
100673687
100673688
100673689
100673690
100673696
100673697
100673700
100673698
100673701
100673704
100673705
100673706
100673713
100673714
100673717
100673719
100673726
100673728
100673732
100673733
100673739
100673742
100673745
100673747
100673744
100673748
100673750
100673754
100673755
100673759
100673760
100673766
100673767
100673770
100673772
100673774
100673777
100673778
100673781
100673787
100673788
100673790
100673794
100673795
100673801
100673802
100673807
100673806
100673811
100673812
100673815
100673817
100673818
100673820
100673822
100673824
100673826
100673827
100673830
100673833
100673834
100673838
100673842
100673843
100673844
100673847
100673848
100673855
100673857
100673858
100673862
100673865
100673867
100673870
100673871
100673872
100673875
100673880
100673882
100673881
100673889
100673894
100673895
100673896
100673897
100673899
100673898
100673902
100673903
100673907
100673910
100673917
100673920
100673923
100673927
100673928
100673929
100673931
100673930
100673933
100673935
100673936
100673946
100673952
100673953
100673957
100673961
100673962
100673963
100673966
100673968
100673969
100673971
100673975
100673979
100673980
100673982
100673984
100673988
100673994
100673995
100673993
100673996
100673997
100674002
100674005
100674006
100674010
100674009
100674011
100674013
100674014
100674016
100674019
100674020
100674021
100674022
100674023
100674027
100674028
100674035
100674029
100674036
100674034
100674041
100674037
100674042
100674043
100674044
100674056
100674052
100674054
100674060
100674061
100674062
100674065
100674066
100674074
100674075
100674084
100674085
100674087
100674088
100674091
100674092
100674094
100674093
100674098
100674102
100674105
100674108
100674112
100674113
100674114
100674116
100674118
100674119
100674120
100674121
100674123
100674124
100674126
100674127
100674131
100674132
100674134
100674135
100674141
100674143
100674146
100674148
100674150
100674154
100674153
100674156
100674157
100674158
100674159
100674160
100674162
100674164
100674165
100674168
100674169
100674174
100674176
100674177
100674178
100674181
100674184
100674185
100674187
100674189
100674190
100674192
100674194
100674195
100674196
100674200
100674199
100674206
100674210
100674211
100674214
100674219
100674218
100674223
100674225
100674224
100674227
100674230
100674233
100674234
100674235
100674238
100674243
100674247
100674246
100674248
100674251
100674252
100674254
100674256
100674257
100674258
100674259
100674260
100674264
100674269
100674270
100674271
100674273
100674276
100674279
100674280
100674285
100674289
100674290
100674291
100674295
100674296
100674297
100674299
100674301
100674308
100674310
100674312
100674314
100674316
100674317
100674318
100674323
100674327
100674328
100674331
100674337
100674338
100674342
100674344
100674345
100674348
100674349
100674350
100674353
100674354
100674356
100674359
100674360
100674363
100674367
100674368
100674370
100674371
100674372
100674387
100674380
100674384
100674385
100674389
100674391
100674392
100674393
100674394
100674397
100674400
100674404
100674406
100674409
100674411
100674412
100674413
100674415
100674424
100674423
100674428
100674429
100674431
100674433
100674443
100674451
100674444
100674450
100674455
100674457
100674456
100674459
100674461
100674466
100674467
100674468
100674469
100674470
100674471
100674473
100674475
100674480
100674483
100674487
100674485
100674486
100674489
100674494
100674491
100674496
100674499
100674500
100674501
100674502
100674504
100674505
100674509
100674514
100674513
100674515
100674521
100674518
100674522
100674524
100674526
100674527
100674528
100674529
100674532
100674535
100674536
100674541
100674547
100674548
100674549
100674551
100674550
100674555
100674556
100674559
100674560
100674562
100674566
100674568
100674572
100674574
100674576
100674577
100674579
100674581
100674582
100674583
100674584
100674585
